#z [mm], 2sigmax, 2sigmay
0.500 -2.793 8.424 
299.500 2.781 8.763 
499.500 2.764 8.958 
933.970 2.158 11.639 
999.500 -1.973 12.471 
1199.500 1.431 -14.992 
1684.700 1.168 16.458 
1699.500 -1.199 16.302 
2099.500 -2.229 -12.097 
2499.500 3.358 7.862 
3066.500 -3.272 4.807 
3399.500 2.118 -4.682 
3799.500 -0.979 4.324 
4199.500 -1.055 -3.634 
4299.500 -1.355 -3.420 
5672.370 6.070 -1.116 
5699.500 -6.168 -1.125 
5799.500 -6.519 -1.173 
5899.500 -6.871 -1.237 
5999.500 -7.244 -1.308 
6099.500 -7.594 1.379 
6199.500 7.975 -1.450 
6299.500 -8.318 1.516 
6399.500 -8.670 1.577 
6499.500 -9.037 -1.632 
6599.500 9.398 -1.686 
6699.500 -9.765 -1.743 
7323.800 -9.870 -2.527 
7399.500 9.533 2.671 
7499.500 9.084 2.917 
8097.400 -8.740 -3.362 
8099.500 -8.749 3.375 
8199.500 -9.151 3.259 
8299.500 9.565 -3.155 
8797.400 10.550 -2.894 
8799.500 10.550 2.895 
8899.500 -10.449 -2.924 
8999.500 10.364 -2.959 
9099.500 -10.287 -3.000 
9199.500 10.211 -3.043 
9399.500 10.045 -3.117 
9499.500 -9.971 3.162 
11026.300 8.576 -3.939 
11099.500 -8.512 -3.986 
11499.500 -8.140 -4.220 
11899.500 -7.819 -4.465 
12299.500 7.483 -4.725 
12699.500 -7.126 -4.984 
13099.500 -6.786 5.263 
14471.500 5.608 6.256 
14799.500 -5.313 -6.507 
15199.500 -4.979 6.814 
15599.500 -4.642 -7.128 
15699.500 4.561 7.210 
16357.500 4.005 -7.740 
16399.500 3.982 -7.728 
16499.500 -3.919 -7.783 
16599.500 3.855 -7.838 
16699.500 3.806 -7.912 
16799.500 3.759 7.979 
16899.500 3.692 -8.043 
16999.500 3.637 -8.083 
17099.500 -3.594 8.151 
17199.500 3.539 -8.221 
17399.500 -3.449 -8.326 
17499.500 -3.398 8.383 
17599.500 -3.352 -8.438 
17799.500 -3.280 -8.562 
17899.500 3.251 -8.618 
17999.500 -3.196 8.672 
18199.500 -3.132 8.792 
18299.500 3.102 -8.855 
18399.500 3.079 8.910 
18499.500 -3.057 8.968 
18599.500 -3.039 -9.024 
18699.500 3.031 -9.086 
18799.500 2.998 9.149 
18899.500 2.968 -9.216 
18999.500 2.956 9.281 
19099.500 2.959 9.350 
19199.500 2.945 -9.439 
19299.500 2.932 9.514 
19399.500 2.921 9.572 
19499.500 2.925 9.636 
19599.500 2.917 9.703 
19799.500 2.896 9.848 
19909.200 2.898 9.918 
20099.500 -2.898 -10.050 
20299.500 2.915 10.181 
20499.500 2.938 10.299 
20699.500 2.970 -10.436 
20899.500 3.000 10.602 
20999.500 3.021 10.660 
22300.500 -3.486 -11.442 
22399.500 3.530 11.498 
22499.500 3.585 -11.570 
22599.500 3.636 -11.628 
22699.500 3.681 11.680 
22799.500 3.732 -11.745 
22899.500 3.791 -11.802 
22999.500 3.851 11.857 
23099.500 3.917 -11.922 
23199.500 3.971 -11.986 
23299.500 4.029 -12.037 
23399.500 4.098 12.077 
23499.500 4.155 -12.123 
23599.500 4.213 12.191 
23699.500 4.268 12.258 
23799.500 4.335 -12.301 
23899.500 4.392 -12.357 
23999.500 4.454 12.418 
24099.500 4.523 12.463 
24199.500 4.584 12.512 
24299.500 4.647 -12.552 
24399.500 4.717 -12.609 
24499.500 4.783 12.669 
24599.500 4.857 12.715 
24699.500 4.921 -12.762 
24799.500 4.995 12.809 
24899.500 5.070 12.864 
24999.500 5.139 12.944 
25099.500 5.222 12.995 
25199.500 5.282 13.057 
25299.500 5.347 13.122 
25399.500 5.413 13.174 
25499.500 5.485 13.257 
25599.500 5.563 13.312 
25699.500 5.630 13.344 
25799.500 -5.696 -13.386 
25899.500 5.789 13.453 
25999.500 5.860 13.533 
26099.500 5.939 -13.576 
26199.500 6.008 13.643 
26299.500 6.090 13.717 
26399.500 6.163 -13.784 
26499.500 6.236 -13.817 
26599.500 6.309 13.899 
26918.500 6.992 13.203 
26999.500 7.306 12.727 
27338.500 8.609 10.693 
27399.500 8.854 -10.333 
27499.500 9.225 9.771 
27599.500 9.593 9.153 
27699.500 9.983 8.552 
27799.500 10.375 -7.959 
27899.500 10.754 7.371 
27999.500 -11.136 6.727 
28099.500 11.513 6.134 
28199.500 11.878 5.535 
28280.100 12.183 5.019 
28299.500 12.257 4.916 
28399.500 12.641 4.289 
28499.500 13.028 3.689 
28599.500 13.405 3.041 
28699.500 -13.800 2.389 
28799.500 14.180 1.721 
28899.500 14.566 1.020 
28999.500 14.961 0.480 
29099.500 15.336 0.482 
29199.500 15.713 0.683 
29299.500 16.100 1.111 
29399.500 16.489 1.627 
29499.500 16.869 2.186 
29599.500 17.258 2.757 
29982.500 18.723 5.033 
30099.500 19.173 -5.727 
30399.500 20.320 7.511 
30699.500 -21.480 -9.264 
30999.500 22.653 -11.081 
31045.500 -22.826 -11.352 
31299.500 23.791 -12.858 
31499.500 -24.556 14.021 